States/UTs,Over-Speeding - Number of Accidents - Number,Over-Speeding - Number of Accidents - Rank,Over-Speeding - Persons Killed - Number,Over-Speeding - Persons Killed - Rank,Over-Speeding - Persons Injured - Greviously Injured,Over-Speeding - Persons Injured - Minor Injury,Over-Speeding - Persons Injured - Total Injured,Drunken Driving/ Consumption of alcohol and drug  - Number of Accidents,Drunken Driving/ Consumption of alcohol and drug  - Persons Killed,Drunken Driving/ Consumption of alcohol and drug  - Persons Injured - Greviously Injured,Drunken Driving/ Consumption of alcohol and drug  - Persons Injured - Minor Injury,Drunken Driving/ Consumption of alcohol and drug  - Persons Injured - Total Injured,Driving on Wrong side - Number of Accidents,Driving on Wrong side - Persons Killed,Driving on Wrong side - Persons Injured - Greviously Injured,Driving on Wrong side - Persons Injured - Minor Injury,Driving on Wrong side - Persons Injured - Total Injured,Jumping Red Light - Number of Accidents,Jumping Red Light - Persons Killed,Jumping Red Light - Persons Injured - Greviously Injured,Jumping Red Light - Persons Injured - Minor Injury,Jumping Red Light - Persons Injured - Total Injured,Use of Mobile Phone - Number of Accidents,Use of Mobile Phone - Persons Killed,Use of Mobile Phone - Persons Injured - Greviously Injured,Use of Mobile Phone - Persons Injured - Minor Injury,Use of Mobile Phone - Persons Injured - Total Injured,Others - Number of Accidents,Others - Persons Killed,Others - Persons Injured - Greviously Injured,Others - Persons Injured - Minor Injury,Others - Persons Injured - Total Injured
Agra,477,33,271,14,223,93,316,169,74,145,54,199,203,123,143,39,182,102,59,85,25,110,134,89,86,39,125,0,0,0,0,0
Ahmedabad,1358,16,433,6,583,547,1130,3,1,2,0,2,13,4,4,7,11,0,0,0,0,0,1,1,0,0,0,0,0,0,0,0
Allahabad(Prayagraj),297,38,120,31,123,76,199,230,96,102,62,164,267,113,110,53,163,233,98,97,60,157,246,102,113,54,167,140,70,67,48,115
Amritsar,93,47,60,43,41,9,50,1,1,0,0,0,1,1,0,0,0,0,0,0,0,0,0,0,0,0,0,38,33,17,9,26
Asansol Durgapur,217,43,156,23,137,29,166,0,0,0,0,0,5,3,3,0,3,0,0,0,0,0,0,0,0,0,0,224,154,144,39,183
Aurangabad,534,28,179,19,291,117,408,0,0,0,0,0,0,0,0,0,0,0,0,0,0,0,0,0,0,0,0,26,20,26,0,26
Bengaluru,4143,1,691,3,2225,1482,3707,32,7,17,16,33,77,8,30,35,65,51,5,30,22,52,10,1,4,23,27,371,56,182,184,366
Bhopal,1861,9,151,26,107,1390,1497,0,0,0,0,0,109,3,5,99,104,27,0,0,34,34,0,0,0,0,0,1290,105,111,884,995
Chandigarh,282,39,99,35,17,242,259,8,0,0,8,8,3,1,0,2,2,12,4,0,6,6,0,0,0,0,0,0,0,0,0,0
Coimbatore,888,21,117,33,266,634,900,4,0,1,1,2,55,0,20,42,62,13,0,14,0,14,0,0,0,0,0,102,15,31,64,95
Chennai,3043,4,668,4,528,2123,2651,438,49,205,264,469,645,99,169,501,670,937,216,276,637,913,434,48,175,308,483,1374,172,420,1096,1516
Delhi,2448,7,713,2,287,1806,2093,215,45,29,173,202,369,69,42,417,459,371,100,51,269,320,199,53,15,158,173,2008,483,354,1551,1905
Dhanbad,75,48,59,44,14,11,25,49,37,11,6,17,26,15,14,7,21,2,1,2,0,2,10,8,2,5,7,9,7,3,0,3
Faridabad,689,25,264,15,101,534,635,0,0,0,0,0,0,0,0,0,0,0,0,0,0,0,0,0,0,0,0,0,0,0,0,0
Ghaziabad,189,45,71,41,111,39,150,21,3,16,11,27,21,3,13,11,24,28,6,20,9,29,18,3,10,8,18,613,299,220,138,358
Gwalior,1515,13,219,17,54,1138,1192,0,0,0,0,0,183,22,11,103,114,0,0,0,0,0,0,0,0,0,0,411,51,15,287,302
Hyderabad,2763,5,258,16,176,2334,2510,42,8,1,26,27,32,0,1,34,35,26,0,0,14,14,1,0,0,1,1,36,5,6,56,62
Indore,3382,3,328,9,42,2949,2991,1,0,0,0,0,0,0,0,0,0,0,0,0,0,0,0,0,0,0,0,0,0,0,0,0
Jabalpur,2554,6,345,8,406,2215,2621,188,23,24,155,179,3,0,0,1,1,0,0,0,0,0,0,0,0,0,0,652,38,101,628,729
Jaipur,3649,2,1131,1,1044,1998,3042,47,4,8,31,39,171,54,57,100,157,25,5,8,14,22,20,6,7,8,15,359,83,106,200,306
Jamshedpur,191,44,92,37,100,29,129,0,0,0,0,0,0,0,0,0,0,0,0,0,0,0,0,0,0,0,0,0,0,0,0,0
Jodhpur,885,22,490,5,242,380,622,5,3,2,1,3,115,61,25,75,100,0,0,0,0,0,0,0,0,0,0,112,35,8,101,109
Kannur,509,31,55,46,320,329,649,1,0,0,0,0,44,5,29,18,47,0,0,0,0,0,0,0,0,0,0,103,22,56,59,115
Kanpur,266,41,92,37,182,33,215,92,41,52,24,76,195,85,123,26,149,16,5,7,8,15,336,172,156,48,204,602,297,315,69,384
Khozikode,1210,17,124,30,893,353,1246,4,1,2,4,6,44,2,37,11,48,5,0,5,2,7,0,0,0,0,0,334,52,215,75,290
Kochi,1439,15,86,39,1091,362,1453,10,1,6,4,10,21,5,22,5,27,14,0,9,7,16,3,0,3,0,3,803,63,566,179,745
Kolkata,16,50,11,50,2,2,4,71,3,15,35,50,13,4,3,5,8,11,0,9,3,12,8,0,6,2,8,2381,249,1192,730,1922
Kollam,1195,18,133,28,1078,183,1261,2,1,0,0,0,23,2,21,6,27,5,0,2,0,2,2,0,2,0,2,713,89,623,66,689
Kota,702,24,191,18,111,607,718,16,8,1,15,16,50,18,1,64,65,0,0,0,0,0,3,3,0,0,0,13,5,0,14,14
Lucknow,268,40,59,44,78,82,160,275,70,74,86,160,117,15,39,49,88,84,0,14,32,46,135,29,48,47,95,806,408,254,128,382
Ludhiana,52,49,29,49,23,0,23,3,0,0,0,0,35,16,19,3,22,0,0,0,0,0,0,0,0,0,0,463,219,231,13,244
Madurai,813,23,173,20,5,751,756,12,0,0,16,16,34,16,0,24,24,7,4,0,3,3,0,0,0,0,0,0,0,0,0,0
Mallapuram,2300,8,304,11,1874,695,2569,8,1,3,5,8,61,8,46,26,72,0,0,0,0,0,1,0,1,0,1,192,51,131,45,176
Meerut,313,35,136,27,37,156,193,94,33,23,39,62,114,46,17,59,76,63,25,7,35,42,52,22,12,19,31,320,151,60,180,240
Mumbai,514,30,120,31,422,104,526,61,5,46,34,80,45,3,37,13,50,15,1,17,3,20,3,0,2,2,4,2234,318,1623,622,2245
Nagpur,469,34,132,29,289,203,492,39,6,28,17,45,90,14,51,45,96,0,0,0,0,0,54,2,36,18,54,355,96,208,147,355
Nashik,529,29,172,21,364,148,512,6,3,3,2,5,16,2,17,5,22,2,0,1,0,1,0,0,0,0,0,0,0,0,0,0
Patna,228,42,76,40,123,9,132,0,0,0,0,0,142,68,58,6,64,0,0,0,0,0,49,30,29,3,32,105,18,83,3,86
Pune,301,37,70,42,172,47,219,21,2,6,7,13,16,4,10,2,12,14,2,11,1,12,0,0,0,0,0,439,128,264,106,370
Raipur,1808,10,318,10,63,1310,1373,1,1,0,0,0,10,1,2,4,6,0,0,0,0,0,0,0,0,0,0,327,138,10,192,202
Rajkot,552,27,161,22,209,214,423,0,0,0,0,0,23,9,3,11,14,0,0,0,0,0,0,0,0,0,0,0,0,0,0,0
Srinagar,310,36,45,48,0,323,323,0,0,0,0,0,0,0,0,0,0,0,0,0,0,0,0,0,0,0,0,0,0,0,0,0
Surat,926,20,286,12,523,179,702,7,3,4,4,8,12,3,7,1,8,0,0,0,0,0,0,0,0,0,0,0,0,0,0,0
Thiruvanthapuram,1129,19,106,34,1016,232,1248,9,2,1,7,8,33,3,25,9,34,14,0,11,6,17,4,0,4,0,4,806,94,705,168,873
Thrissur,1725,11,152,25,1286,712,1998,6,0,3,3,6,38,2,33,14,47,2,0,3,4,7,1,0,2,0,2,438,59,309,122,431
Tiruchirapalli,490,32,96,36,32,508,540,2,1,0,0,0,25,7,0,45,45,0,0,0,0,0,0,0,0,0,0,0,0,0,0,0
Vadodra,640,26,156,23,320,193,513,7,1,1,3,4,28,1,25,6,31,2,0,0,1,1,2,0,1,1,2,0,0,0,0,0
Varanasi,124,46,51,47,47,29,76,117,50,26,31,57,94,28,36,25,61,67,10,15,27,42,208,149,55,37,92,0,0,0,0,0
Vijaywada city,1455,14,351,7,464,890,1354,1,0,0,0,0,38,3,10,27,37,1,0,0,0,0,0,0,0,0,0,0,0,0,0,0
Vizaq,1550,12,285,13,922,387,1309,19,2,15,4,19,36,2,25,9,34,2,0,0,0,0,4,0,3,4,7,95,34,65,36,101
Total,53366,NA,10885,NA,19064,29216,48280,2337,586,872,1148,2020,3695,951,1343,2044,3387,2151,541,694,1222,1916,1938,718,772,785,1557,19294,4117,8721,8239,16960
